Blog	here	want	how	re	that	than	best	and	much	life	things	had	has	old	people	for	when	time	so	years	one	going	where	many	s	around	world	her	with	an	as	at	to	th	more	its	also	see	d	be	by	into	up	us	video	next	on	this	could	lot	should	ve	site	three	all	work	very	after	then	them	they	last	what	do	we	com	the	post	months	was	live	can	still	not	now	year	only	these	media	read	early	using	t	your	you	a	help	off	look	some	go	she	i	well	he	even	while	new	before	don	m	said	appeared	is	it	in	if	make	just	down	did	may	thing	first	little	were	show	get	money	again	two	good	most	find	big	google	back	ll	day	have	like	about	but	would	me	my	over	each	got	free	too	been	no	today	way	any	week	of	or	there	might	story	his	are	use	from	few	something	our	out	their	which	who	why	will	other	know	because	own	made
	0	0	3	0	10	1	0	17	3	5	0	2	2	0	3	11	1	2	0	0	0	0	0	0	14	0	0	0	3	4	4	2	28	0	1	1	1	2	1	2	6	0	0	0	0	0	10	2	0	3	0	1	0	3	2	0	0	2	0	1	3	1	0	3	0	0	41	0	0	5	0	0	1	3	1	0	0	0	1	0	0	0	0	0	5	10	0	0	0	0	0	0	0	0	1	0	2	1	1	1	0	1	1	7	5	10	0	0	1	0	0	0	1	1	0	0	0	0	0	0	3	0	1	1	0	0	0	0	1	2	1	2	2	0	0	0	3	0	1	0	0	1	1	0	0	0	0	27	3	1	0	0	3	4	0	2	1	1	0	3	4	0	2	4	0	0	1	0	0	0
Schneier on Security	1	0	1	1	7	1	0	13	0	0	0	0	4	1	4	4	0	0	1	0	2	1	0	1	6	1	1	0	2	2	4	2	15	0	2	0	0	0	0	2	3	1	0	0	0	0	5	4	2	0	0	1	0	1	1	1	0	0	0	1	1	0	3	0	2	0	28	0	0	0	0	1	0	1	1	0	0	1	3	0	0	4	1	0	6	10	1	0	1	2	1	0	5	1	0	0	1	0	0	0	1	2	0	9	2	7	1	1	0	1	0	1	0	0	0	1	1	0	0	0	0	1	0	2	0	0	0	0	0	0	0	0	1	2	0	0	0	0	0	0	0	0	0	0	0	0	1	19	2	2	1	0	1	9	1	3	0	0	0	3	0	2	2	0	1	1	3	0	0	0
Copyblogger	2	1	2	4	13	1	0	20	0	2	2	1	2	0	2	11	3	3	2	0	0	0	2	0	4	1	0	4	4	3	7	1	23	0	13	2	0	0	1	1	1	0	2	1	2	0	16	8	0	1	1	3	0	0	1	0	0	0	0	1	1	0	3	5	8	0	35	12	0	2	0	1	1	2	0	1	0	1	0	10	0	0	5	8	16	25	0	0	0	1	0	7	3	1	0	1	0	5	0	4	1	0	10	3	3	14	3	3	3	0	0	2	0	12	0	0	0	0	0	0	0	1	2	2	0	0	0	1	1	5	1	5	4	0	1	1	0	0	0	2	0	0	0	0	0	1	2	18	2	0	1	1	0	2	0	2	0	2	6	1	3	0	2	1	2	0	4	1	0	0
PerezHilton	1	0	0	0	5	1	0	11	0	1	0	2	3	1	1	2	1	1	0	0	2	1	0	0	18	0	1	6	6	0	2	2	16	0	5	2	0	0	0	1	3	1	1	1	2	0	14	3	0	0	1	2	0	3	0	0	0	4	0	0	0	0	0	0	3	0	37	0	0	7	0	0	0	3	3	0	0	0	0	0	0	0	0	0	1	10	0	0	0	2	0	9	2	0	7	1	3	4	0	0	0	0	0	12	3	8	0	1	2	0	0	0	0	0	0	2	0	2	1	0	1	1	1	0	1	0	1	0	0	0	1	3	0	2	0	0	1	0	2	0	0	2	1	0	1	2	0	16	0	2	0	4	4	2	0	2	0	0	0	3	1	0	1	0	0	1	0	0	0	1
Engadget RSS Feed	0	0	2	3	17	3	0	24	0	0	0	1	18	0	1	11	2	4	1	4	6	1	1	0	20	0	3	1	11	5	4	7	37	4	8	14	1	0	1	4	0	3	4	3	3	1	17	7	1	0	1	1	0	0	0	0	0	2	0	0	0	5	1	0	3	0	59	0	0	3	2	3	4	4	4	3	0	0	3	0	2	0	7	4	10	36	0	4	1	1	1	0	3	0	1	0	3	6	3	0	0	1	0	12	13	24	1	1	3	1	1	1	0	4	2	2	0	4	0	2	1	0	2	0	2	4	2	0	2	9	1	1	5	0	0	1	4	1	1	2	0	2	2	3	0	0	0	21	1	1	2	0	3	5	3	4	1	0	0	4	1	2	3	0	2	1	1	0	0	0
ProBlogger	26	10	57	21	65	7	8	150	12	6	11	7	11	0	20	54	34	24	27	6	20	5	9	20	68	4	2	15	51	22	30	21	301	3	44	4	12	3	14	38	36	10	28	3	3	1	111	78	7	7	12	24	2	1	26	9	2	18	4	15	24	2	51	22	25	1	215	34	2	23	4	46	2	29	3	2	5	9	7	2	11	14	25	139	181	200	8	4	6	23	12	13	161	3	3	11	14	20	5	10	6	2	26	105	66	76	55	11	8	3	13	13	2	47	11	9	3	21	3	3	1	4	10	10	0	5	4	6	7	44	20	52	24	18	20	38	13	2	13	8	7	10	8	18	10	7	6	133	42	24	6	3	1	41	23	51	6	13	12	18	36	7	27	14	22	17	13	5	3	2
mezzoblue	1	0	2	1	8	0	0	3	1	0	0	0	1	1	0	2	2	0	1	2	2	1	1	0	7	0	0	0	4	2	3	0	10	1	0	1	1	0	1	1	0	1	0	0	1	0	5	3	0	1	2	5	2	0	1	1	0	0	0	2	0	1	1	0	0	0	17	0	1	2	0	1	1	2	1	0	0	1	0	0	0	0	4	0	6	16	0	1	0	1	0	0	13	1	0	0	1	3	0	0	1	0	0	2	7	2	2	2	1	0	0	0	0	1	0	0	0	0	0	0	0	0	1	0	0	0	1	0	0	1	0	1	5	0	2	3	3	0	1	2	1	3	0	2	3	1	1	10	1	0	0	0	0	0	1	1	1	0	1	2	0	1	0	0	0	0	0	0	1	0
ShoeMoney	15	1	7	0	13	1	4	73	4	0	1	4	12	1	4	28	8	7	16	10	10	3	4	3	17	2	1	2	23	6	16	6	71	0	6	2	6	2	1	1	5	4	7	13	3	2	31	21	1	5	1	0	0	1	8	1	4	3	5	1	14	1	5	7	9	3	89	3	0	18	19	7	0	9	6	3	3	2	2	2	0	0	11	7	20	58	1	0	2	5	7	4	79	5	15	2	3	4	0	7	1	1	0	36	17	26	5	2	4	1	0	0	1	10	0	4	28	4	5	0	0	4	4	2	4	5	2	0	1	38	6	13	11	7	11	27	6	3	5	0	0	11	2	18	1	3	0	41	4	3	0	1	2	11	0	8	3	3	4	9	7	1	2	3	1	7	7	0	3	0
Matt Cutts: Gadgets, Google, and SEO	1	0	0	3	15	0	0	13	1	0	0	0	2	0	3	8	0	1	1	2	2	0	0	1	7	1	2	0	5	2	2	5	14	1	2	0	2	1	1	0	0	0	0	0	1	2	6	4	1	0	1	4	0	1	0	1	0	1	0	2	1	3	1	0	3	0	25	0	0	5	0	3	1	0	3	3	0	1	1	1	2	0	3	5	10	23	0	1	0	2	2	0	21	0	3	0	0	0	0	0	0	0	0	2	6	3	1	2	3	0	2	0	0	0	2	0	0	2	1	0	0	1	0	0	0	8	1	0	3	2	3	6	2	1	1	6	2	1	0	0	1	2	1	1	1	0	0	17	4	0	0	0	0	3	0	5	0	0	0	1	1	0	1	0	0	0	0	0	0	0
Gothamist	4	2	6	7	24	0	5	79	2	2	4	4	5	2	4	29	7	7	8	4	12	0	3	3	78	0	3	7	19	6	10	18	74	5	43	4	5	3	0	11	11	5	18	8	7	0	34	15	1	2	4	1	0	8	7	2	3	10	0	6	12	9	7	2	13	0	168	0	4	17	3	6	4	4	11	6	3	2	2	0	3	1	11	0	19	73	2	4	4	7	2	1	9	3	11	3	3	18	4	3	1	0	1	21	23	52	4	3	6	3	2	3	0	2	2	4	8	8	2	2	6	6	3	1	0	2	2	1	5	14	9	8	11	1	3	4	8	0	3	0	0	11	2	9	4	3	5	85	5	6	0	3	10	10	1	16	3	0	2	13	11	6	7	3	9	5	4	4	5	7
Joho the Blog	0	1	0	1	6	1	0	11	0	0	2	2	5	4	1	3	1	0	3	2	2	0	0	0	7	0	2	1	7	5	3	2	16	0	3	6	2	1	1	1	4	1	1	0	1	0	3	4	0	2	1	0	0	0	1	0	0	0	1	0	1	0	1	3	0	0	20	0	0	2	0	2	0	1	0	1	0	0	0	1	0	2	3	1	5	13	0	0	1	1	0	0	14	1	1	0	0	2	0	0	2	0	0	6	12	12	1	0	0	0	0	1	0	0	1	0	0	0	0	0	0	0	1	0	0	1	0	0	0	3	3	1	3	1	4	1	1	0	0	1	0	1	4	1	0	0	0	10	1	1	0	0	3	1	0	5	1	1	0	2	1	1	1	1	1	1	3	0	0	0
ongoing by Tim Bray	3	0	0	11	9	1	0	32	1	1	0	0	1	0	0	8	2	0	5	1	3	0	3	1	13	0	0	0	9	2	1	2	13	0	5	3	0	2	2	6	3	0	0	2	4	0	10	6	0	1	2	2	0	2	2	3	2	0	2	1	4	0	3	1	4	3	35	1	0	2	0	2	1	3	3	2	0	1	0	3	0	0	4	3	7	33	2	0	3	6	2	0	34	0	0	4	2	3	0	1	7	1	0	12	19	28	0	0	5	0	0	0	6	1	0	1	0	3	0	0	0	2	4	2	2	1	1	0	2	5	1	5	5	0	3	9	1	0	1	1	2	2	1	0	2	3	0	20	7	3	3	1	0	3	2	6	0	1	2	3	0	2	1	0	1	1	1	1	0	0
Neil Gaiman's Journal	38	18	33	16	228	13	7	705	35	16	58	71	30	17	63	176	63	46	61	20	49	36	16	16	214	14	25	30	130	75	83	95	469	14	34	12	21	16	35	116	78	27	43	56	3	15	173	105	31	8	16	29	4	15	60	16	26	15	22	38	75	31	62	40	186	29	996	10	12	162	4	56	16	72	28	43	24	12	6	24	3	7	82	24	202	438	11	9	14	38	16	44	425	15	81	20	17	75	22	12	63	32	0	146	368	316	53	26	17	6	23	13	21	33	9	56	11	34	16	8	26	38	12	12	7	1	35	29	20	80	62	104	79	41	89	69	27	10	15	8	21	44	16	6	18	14	19	398	92	52	7	20	54	82	11	100	16	21	33	69	29	48	52	16	56	22	16	31	8	20
Joel on Software	9	28	20	47	163	15	6	222	8	1	15	11	18	3	44	67	21	12	57	5	17	14	8	6	58	12	11	0	52	22	32	32	290	2	21	3	4	9	5	46	16	13	37	14	0	4	66	47	13	12	5	4	6	8	42	18	9	4	8	24	74	3	25	31	135	3	339	4	3	35	5	50	9	23	21	5	6	9	0	4	3	15	67	31	175	222	10	6	5	23	13	0	52	11	1	18	9	22	4	22	7	3	1	106	99	103	32	22	30	4	4	4	7	16	13	11	2	31	18	3	8	6	12	10	12	4	5	13	2	51	23	26	36	13	14	10	9	6	9	12	7	9	5	10	20	17	0	188	41	22	18	2	0	52	13	22	9	11	34	24	21	26	18	9	21	16	14	18	9	4
Steve Pavlina	3	2	5	3	11	1	1	26	0	4	0	0	1	0	26	33	1	0	7	1	3	0	0	3	11	0	0	1	9	3	1	4	39	1	3	2	0	1	5	9	3	0	4	0	2	0	25	7	1	1	0	2	2	0	4	6	0	0	0	0	5	0	3	0	3	6	64	20	0	0	1	3	0	0	1	0	1	0	0	1	0	0	7	14	14	20	1	0	0	2	1	0	23	0	0	1	1	6	1	1	6	0	20	18	10	13	15	3	0	0	0	3	0	24	0	2	0	0	0	2	0	1	0	1	0	0	0	1	1	7	2	5	2	1	1	6	0	5	0	3	2	4	0	0	1	2	1	20	8	1	0	0	0	3	0	7	0	0	4	0	1	3	1	1	3	2	2	0	2	0
The Full Feed from HuffingtonPost.com	0	0	0	2	4	2	0	16	0	0	0	4	1	0	0	5	0	1	2	1	2	0	0	0	17	1	0	0	0	1	5	3	20	2	24	2	1	1	5	0	1	1	0	0	0	1	19	4	4	0	0	1	0	1	1	0	2	2	0	0	2	0	4	1	1	0	48	2	0	6	0	3	0	2	1	1	0	0	0	10	0	0	5	0	5	17	0	1	1	1	0	1	1	0	2	2	0	1	0	2	1	1	0	6	5	28	3	0	1	1	0	0	1	6	0	7	0	1	0	1	0	2	3	0	0	0	3	0	0	6	3	2	4	1	0	0	0	0	1	0	0	3	0	0	0	2	0	15	2	0	0	0	5	2	0	3	0	0	0	0	1	0	4	0	1	1	1	0	0	4
Kotaku	2	1	3	3	14	0	5	14	1	0	3	0	12	1	1	14	1	3	3	4	5	1	3	1	29	1	4	1	9	5	6	5	25	0	26	4	2	0	2	4	5	1	3	3	1	2	10	5	0	2	0	1	0	0	4	1	0	1	2	4	0	2	0	0	4	2	50	0	0	1	0	9	1	3	4	2	3	0	0	26	0	1	4	3	12	46	0	2	0	2	1	0	3	0	3	2	1	5	0	0	0	2	0	14	17	19	5	1	3	1	1	0	0	0	0	2	0	0	0	2	1	1	0	0	0	0	2	1	0	6	3	2	8	1	1	1	2	0	3	1	2	6	2	3	0	3	2	41	5	0	0	2	1	1	1	3	1	1	4	1	1	1	0	0	0	1	1	1	1	1
Scobleizer	12	0	6	0	7	0	0	28	3	0	0	0	4	0	2	7	1	0	0	5	3	3	3	1	8	2	7	0	6	0	3	8	33	1	5	2	2	1	0	4	2	2	3	3	1	7	37	12	2	1	1	7	0	0	0	0	2	1	2	0	0	2	5	1	2	4	77	20	0	8	0	3	1	0	6	1	0	1	4	0	0	2	7	0	10	13	0	1	1	6	1	0	36	3	0	1	1	7	0	2	8	0	15	18	18	13	2	2	2	0	0	0	3	18	0	0	4	2	1	0	1	1	0	1	1	16	5	3	0	6	5	11	1	0	6	11	8	3	4	0	3	2	5	1	2	0	1	34	7	4	6	0	0	6	0	3	0	4	9	4	0	2	3	9	7	4	1	2	0	0
Derek Powazek	6	1	7	7	19	2	1	70	1	5	1	3	5	2	2	33	11	4	7	5	13	4	0	1	43	1	3	9	17	5	10	7	52	0	6	1	2	3	2	7	5	4	11	4	0	1	14	9	1	1	1	11	2	4	10	3	1	4	7	2	6	7	9	7	7	1	97	3	2	13	2	8	4	6	10	4	1	2	2	0	1	1	10	6	19	62	0	1	0	3	4	7	69	2	5	1	1	5	1	4	12	3	0	17	39	35	9	1	11	2	4	0	4	3	7	2	3	6	3	2	9	1	2	1	1	0	2	4	2	3	9	9	14	0	15	22	5	1	1	0	2	8	2	2	0	0	3	39	5	7	1	3	3	11	0	5	5	8	3	9	4	2	1	1	5	3	6	3	2	2
Captain's Quarters	0	0	1	0	9	2	1	12	0	0	0	3	7	0	0	8	2	1	0	2	2	0	0	0	4	0	1	1	4	1	4	5	22	0	3	3	2	0	0	4	4	2	1	3	0	1	14	1	0	0	2	0	1	0	0	1	0	3	0	0	2	0	0	0	1	0	50	1	2	1	0	1	1	3	0	0	1	0	1	0	0	0	1	0	2	20	0	1	1	1	0	1	3	1	6	1	1	0	0	0	0	0	0	0	2	14	1	0	0	2	3	0	0	2	0	0	1	0	1	1	0	0	0	0	1	0	2	0	2	2	0	3	1	1	2	2	1	1	1	0	1	2	1	2	0	0	1	20	0	0	0	4	6	0	1	3	1	0	0	4	6	0	1	0	5	2	0	0	0	0
